122222222222222222222222222222222222222221
100000000000000000000000000000000000000001
100000000000000000000000000000000000000001
100000000000000000000000000000000000000001
100000000000000000000000000000000000000001
100000000000000000000000000000000000000001
100000000000000000000000000000000000000001
100000000000000000000000000000000000000001
100000000000000000000000000000000000000001
100000000000000000000000000000000000000001
100000000000000000000000000000000000000001
100000000000000000000000000000000000000001
100000000000000000000000000000000000000001
100000000000000000000000000000000000000001
100000000000000000000000000000000000000001
100000000000000000000000000000000000000001
100000000000000000000000000000000000000001
100000000000000000000000000000000000000001
100000000000000000000000000000000000000001
100000000000000000000000000000000000000001
122222222222222222222222222222222222222221
